Dimension 2392
231
232
233
234
235
237
236
270
269
268
267
266
264
265
274
271
272
273
275
276
277
278
279
280
281
282
283
284
310
311
312
308
307
309
285
286
287
289
290
293
288
291
292
306
319
318
317
316
313
314
315
328
331
332
330
329
327
326
385
382
380
377
378
379
381
383
384
388
387
386
325
323
324
322
321
320
305
303
298
297
294
295
296
299
300
301
398
401
400
399
397
302
304
395
396
394
393
392
391
390
389
973
974
975
976
980
981
982
983
984
985
986
987
979
963
978
977
972
971
970
969
968
967
966
965
964
420
421
962
961
960
918
917
915
914
908
909
910
911
912
913
916
922
919
920
958
957
921
955
954
948
947
931
927
926
923
924
925
928
929
930
932
933
934
935
936
937
938
939
940
941
946
942
943
944
945
949
950
952
951
953
956
959
422
423
424
425
426
427
439
418
419
415
407
402
403
404
405
406
408
409
410
411
412
413
414
416
417
440
441
438
437
436
428
429
430
431
435
434
433
432
467
468
471
469
470
473
474
475
476
477
478
472
466
465
464
460
459
458
457
456
453
448
447
446
445
444
442
443
449
450
451
452
454
455
461
462
463
482
481
480
479
483
484
485
486
487
488
489
490
491
493
492
494
495
496
497
498
499
500
501
502
503
528
529
530
531
537
547
548
546
545
549
551
556
555
554
553
552
550
543
544
540
542
541
539
538
536
535
534
533
532
525
526
527
504
507
505
506
508
509
510
511
512
513
522
521
520
523
524
519
518
517
516
515
514
569
572
573
571
570
568
567
566
565
564
557
558
563
562
559
560
561
618
619
620
617
616
615
614
613
612
610
575
574
579
581
582
583
580
578
577
576
585
584
586
587
588
589
590
591
593
594
592
597
595
596
598
599
600
601
602
603
604
605
607
606
608
609
611
727
728
726
725
724
723
722
621
622
623
624
625
626
629
630
631
632
633
628
627
721
720
719
718
717
730
731
729
732
733
734
735
736
737
740
741
742
743
744
746
750
751
752
753
754
755
756
758
757
749
748
747
745
739
738
713
712
711
710
715
714
716
703
704
702
701
700
698
699
706
705
709
708
707
694
695
697
636
635
634
638
639
641
643
644
645
642
640
637
696
693
692
691
690
684
682
681
680
683
685
689
686
688
687
653
646
647
648
649
650
651
652
654
655
656
657
658
659
660
661
662
663
665
674
678
679
677
676
675
673
672
670
669
671
666
668
667
664
1742
1741
1739
1736
1737
1738
1740
1743
1744
1753
1752
1751
1750
1748
1745
1746
1747
1749
1754
1755
1756
1757
1760
1758
1759
1761
1762
1763
1764
1775
1776
1779
1780
1781
1782
1783
1784
1790
1800
1801
1799
1798
1802
1804
1809
1808
1807
1806
1805
1803
1796
1797
1793
1795
1794
1792
1791
1789
1788
1787
1786
1785
1778
1777
1772
1771
1770
1769
1768
1767
1773
1774
1766
1765
1822
1821
1819
1818
1817
1810
1811
1812
1813
1871
1872
1873
1814
1815
1816
1820
1823
1824
1826
1825
1834
1835
1832
1827
1828
1863
1870
1869
1868
1867
1866
1865
1864
1862
1861
1859
1860
1858
1857
1856
1855
1854
1829
1830
1831
1833
1836
1837
1838
1839
1840
1841
1842
1843
1844
1846
1847
1845
1851
1853
1852
1850
1849
1848
2003
2002
1999
1997
1996
1995
1994
1993
1988
1986
1985
1969
1956
1957
1958
1959
1962
1961
1960
1947
1944
1935
1934
1933
1936
1937
1938
1939
1940
1931
1932
1930
1929
1928
1927
1926
1925
1919
1921
1920
1918
1917
1916
1915
1914
1913
1912
1911
1910
1909
1908
1907
1905
1904
1903
1902
1901
1900
1899
1906
1941
1942
1943
1945
1946
1948
1949
1890
1893
1895
1898
1897
1896
1894
1892
1891
1887
1888
1889
1950
1952
1951
1953
1954
1955
1970
1977
1972
1971
1973
1974
1880
1881
1886
1885
1884
1883
1882
1879
1878
1877
1876
1875
1874
1975
1976
1978
1979
1980
1981
1982
1983
1984
1987
1989
1990
1966
1968
1967
1963
1964
1965
1991
1992
1998
2000
2001
2004
2005
2006
2007
2008
2009
2010
2011
1923
1924
1922
2097
2098
2099
2100
2101
2102
2103
2105
2106
2107
2110
2111
2112
2109
2108
2096
2095
2094
2092
2093
2089
2104
2088
2087
2081
2080
2114
2113
2116
2119
2122
2123
2124
2125
2126
2127
2121
2120
2118
2117
2115
2073
2074
2071
2072
2075
2076
2077
2078
2079
2082
2084
2083
2086
2085
2090
2091
2020
2017
2016
2015
2014
2013
2012
2018
2019
2021
2028
2022
2023
2027
2024
2026
2029
2025
2030
2031
2032
2033
2034
2039
2040
2042
2043
2044
2045
1656
1655
1654
1653
1652
1651
1650
1649
1648
1647
1657
1658
1659
1660
1661
1665
1664
1667
1666
1668
1671
1672
1673
1674
1675
1676
1677
1685
1688
1693
1692
1691
1694
1712
1713
1714
1717
1715
1718
1719
1720
1721
1724
1722
1723
1725
1726
1727
1728
1729
1730
1731
1732
1733
1734
1735
1716
1708
1707
1705
1704
1703
1702
843
844
845
846
847
848
849
850
851
852
842
841
840
839
838
834
835
832
833
831
828
827
822
821
820
819
818
816
813
810
811
812
809
782
781
780
777
779
776
773
772
771
774
770
769
775
768
767
766
765
764
763
762
761
760
759
778
786
787
789
790
791
792
798
799
797
796
795
794
793
788
785
784
783
808
807
806
805
804
803
814
815
802
801
800
900
902
903
904
905
906
907
993
992
991
990
989
988
994
995
893
1008
1009
1011
1010
1007
1006
1005
1004
1003
1002
1001
1000
999
998
997
996
894
901
899
897
898
817
896
895
891
892
823
889
890
887
886
880
881
882
883
884
885
888
824
825
826
829
830
836
837
853
854
855
856
857
858
859
860
861
862
864
863
1698
1699
1700
1701
1706
1709
1710
1711
1695
1697
1696
1690
1689
866
1687
1686
867
868
865
872
874
873
871
870
869
1684
1683
1682
1678
1679
1635
1633
1632
1630
1629
1628
1631
1634
1637
1636
1670
1669
1663
1662
1646
1645
1644
1643
1642
1641
1640
1638
1639
2051
2052
2050
2049
2048
2047
2046
2041
2038
2037
2036
2035
2062
2061
2060
2059
2063
2064
2065
2058
2057
2066
2067
2068
2069
2070
1611
1610
2055
2056
2053
2054
1613
1612
1614
1615
1616
1617
1618
1619
1620
1621
1622
1592
1593
1594
1609
1608
1606
1607
2135
2134
2133
2132
2131
2130
2128
2129
1605
1604
1603
1602
1601
1595
1596
1597
1598
1599
1600
1586
1587
1588
1589
1590
1591
1627
1626
1625
1624
1623
1579
1580
1581
1582
1583
1584
1585
1578
1577
1680
1576
1575
1574
1573
1572
1571
1565
1566
1567
1568
1569
1570
1564
1681
1563
1562
875
876
877
878
879
1561
1560
1559
1558
1557
1556
1012
1013
1014
1015
1016
1017
1020
1019
1018
1077
1078
1079
1076
1075
1080
1081
1074
1073
1072
1071
1070
1068
1067
1065
1064
1063
1028
1449
1448
1443
1441
1440
1436
1435
1434
1433
1432
1430
1426
1425
1424
1423
1422
1421
1420
1418
1419
1427
1428
1429
1431
1437
1438
1464
1465
1466
1467
1468
1494
1495
1496
1493
1491
1490
1489
1498
1497
1499
1500
1501
1502
1503
1504
1506
1507
1505
1510
1508
1509
1511
1512
1513
1514
1515
1516
1517
1518
1520
1519
1521
1522
1524
1525
1526
1527
1528
1529
1530
2217
2218
2211
2212
2214
2215
2216
2213
2206
2204
2203
2202
2201
2200
2205
2207
2210
2208
2209
2219
2220
2221
2224
2225
2231
2230
2229
2252
2249
2251
2250
2234
2233
2232
2237
2238
2239
2240
2241
2242
2236
2235
2243
2187
2188
2190
2191
2192
2199
2198
2197
2196
2136
2137
2138
2195
2194
2193
2189
2186
2185
2183
2184
2177
2182
2181
2146
2139
2140
2141
2142
2143
2144
2145
2147
2148
2150
2149
2151
2152
2153
2154
2155
2156
2157
2160
2161
2158
2159
2164
2162
2163
2165
2166
2167
2168
2169
2172
2170
2171
2180
2179
2178
2176
2173
2174
2175
2244
2245
2246
2247
2248
2253
2254
2260
2262
2263
2264
2272
2273
2271
2270
2269
2268
2267
2266
2265
2261
2259
2258
2257
2256
2255
2228
2227
2226
2223
2222
1523
1488
1487
1492
1485
1486
1484
1483
1480
1539
1536
1534
1531
1532
1533
1535
1537
1538
1542
1541
1540
1479
1481
1482
1469
1471
1472
1477
1478
1476
1475
1474
1473
1459
1460
1470
1462
1461
1463
1439
1442
1445
1446
1444
1447
1451
1450
1452
1457
1458
1456
1549
1548
1543
1544
1545
1546
1547
1550
1551
1553
1554
1555
1552
1455
1453
1454
1021
1022
1023
1024
1025
1026
1027
1029
1030
1032
1031
1033
1034
1035
1036
1037
1038
1039
1042
1043
1040
1041
1046
1044
1045
1047
1048
1049
1050
1051
1054
1052
1053
1062
1061
1060
1059
1058
1055
1056
1057
1066
1069
1124
1123
1122
1121
1120
1119
1118
1115
1116
1117
1125
1126
1127
1128
1129
1130
1132
1133
1131
1134
1111
1112
1113
1106
1105
1104
1103
1102
1100
1099
1097
1096
1098
1094
1095
1088
1086
1085
1084
1083
1082
1087
1089
1093
1092
1090
1091
1101
1114
1107
1108
1109
1110
1135
1136
1137
1142
1144
1145
1146
1154
1155
1153
1152
1151
1150
1149
1148
1147
1143
1141
1139
1138
1140
335
336
337
339
342
341
340
338
333
334
369
376
375
374
373
372
371
370
368
367
365
366
364
363
362
361
360
359
357
358
355
354
356
349
348
344
343
345
347
346
350
351
353
352
258
257
256
255
254
253
252
251
248
250
249
246
247
259
260
261
262
263
244
243
245
242
241
240
238
239
229
228
227
226
225
224
223
222
221
123
122
120
119
118
117
116
115
114
113
112
111
110
109
108
107
129
94
93
85
86
87
88
89
90
91
92
95
96
97
98
99
100
101
102
103
104
105
106
128
121
125
124
220
219
207
205
204
203
201
194
189
190
191
188
187
183
182
181
180
184
179
178
177
176
175
174
173
172
1186
1184
1183
1182
1181
1175
1156
1157
1158
1159
1160
1161
1162
1163
1164
1165
1172
1166
1167
1168
1171
1169
1170
1173
1176
1174
1177
1178
1179
1180
1185
1187
1188
1190
1191
1192
1193
159
160
158
157
154
151
150
148
147
146
145
144
143
79
80
81
82
83
84
78
77
1211
64
63
55
56
57
58
59
60
61
62
65
66
67
68
69
70
71
72
73
74
75
76
1210
149
152
153
155
156
1205
1207
1214
1215
1217
1220
1225
1224
1223
1226
1227
1231
1232
1233
1234
1230
1235
1236
1237
1238
1239
1240
1241
1242
1387
1389
1390
1391
1392
1398
1417
1416
1415
1414
1413
1412
1411
1410
1409
1408
1407
1405
1404
1403
1406
1402
1401
1400
1397
1399
1396
1395
1394
1393
1388
1386
1385
1383
1382
1381
1380
1379
1378
1377
1376
1375
1277
1276
1274
1273
1272
1271
1270
1269
49
50
51
52
53
54
48
47
1283
34
33
25
26
27
28
29
30
31
32
35
36
37
38
39
40
41
42
43
44
45
46
1282
1275
1279
1278
1374
1373
1361
1359
1358
1357
1355
1348
1343
1344
1345
1342
1341
1337
1336
1335
1334
1338
1333
1332
1331
1330
1329
1328
1327
1326
2304
2302
2301
2300
2299
2293
2274
2275
2276
2277
2278
2279
2280
2281
2282
2283
2290
2284
2285
2286
2289
2287
2288
2291
2294
2292
2295
2296
2297
2298
2303
2305
2306
2308
2309
2310
2311
1313
1314
1312
1311
1308
1305
1304
1302
1301
1300
1299
1298
1297
19
20
21
22
23
24
18
17
2329
4
3
1
2392
2391
2390
2389
2388
2387
2
5
6
7
8
9
10
11
12
13
14
15
16
2328
1303
1306
1307
1309
1310
2323
2325
2332
2333
2335
2338
2343
2342
2341
2344
2345
2349
2350
2351
2352
2348
2353
2354
2355
2356
2357
2358
2359
2360
2361
2362
2364
2365
2366
2369
2370
2371
2368
2367
2363
2347
2346
2340
2339
2373
2337
2336
2374
2375
2372
2378
2381
2382
2383
2384
2385
2386
2380
2379
2377
2376
2334
2331
2330
2327
2326
2324
2322
2321
2320
2319
2318
2317
2316
2315
2313
2314
2312
2307
1325
1324
1322
1321
1320
1317
1315
1316
1318
1319
1323
1339
1340
1346
1347
1350
1349
1354
1353
1352
1351
1288
1291
1292
1293
1294
1295
1296
1290
1289
1286
1287
1356
1285
1284
1281
1280
1360
1362
1363
1372
1371
1364
1365
1366
1367
1370
1368
1369
1384
1243
1244
1246
1247
1248
1251
1252
1253
1250
1249
1245
1229
1228
1222
1221
1255
1219
1218
1256
1257
1254
1260
1263
1264
1265
1266
1267
1268
1262
1261
1259
1258
1216
1213
1212
1209
1208
1206
1204
1203
1202
1201
1200
1199
1198
1197
1195
1196
1194
1189
171
170
168
167
166
163
161
162
164
165
169
185
186
192
193
196
195
200
199
198
197
134
137
138
139
140
141
142
136
135
132
133
202
131
130
127
126
206
208
209
218
217
210
211
212
213
216
214
215
230
