Dimension 561
14
28
29
13
21
15
17
16
19
18
7
20
6
8
9
11
5
12
36
37
4
38
3
2
10
343
344
331
345
347
346
333
349
348
350
352
354
355
358
359
361
360
365
364
363
357
362
356
353
351
336
337
335
420
422
426
425
430
432
435
433
434
429
428
427
421
338
340
339
341
342
380
382
381
384
383
385
386
389
390
391
394
396
375
373
374
370
367
368
366
369
371
372
376
377
379
378
397
395
393
392
450
455
456
457
454
451
449
388
387
448
443
444
442
441
440
439
438
445
446
447
452
467
468
469
453
458
479
478
477
476
470
471
465
464
543
544
545
542
547
546
550
472
473
475
474
549
551
556
557
561
560
559
558
555
552
548
553
554
541
540
539
527
526
525
524
528
538
537
531
529
532
530
523
522
521
520
510
511
513
514
512
496
504
505
506
228
507
509
508
232
233
231
237
234
251
250
533
535
536
282
283
284
285
286
287
534
252
269
249
268
248
266
236
235
238
239
240
222
223
218
216
221
225
227
224
256
241
245
247
246
267
273
271
270
281
288
272
289
290
295
294
300
301
299
298
297
313
312
311
277
296
293
291
292
280
279
278
274
276
264
265
310
315
314
321
303
302
308
307
309
306
304
305
322
323
320
319
316
318
317
261
262
263
275
243
244
242
257
260
255
258
259
254
253
201
203
197
204
202
196
195
190
193
194
192
199
198
226
220
219
191
135
133
120
121
165
125
136
134
215
217
149
152
230
229
147
148
144
143
503
502
501
168
171
142
146
150
151
138
137
145
169
170
141
140
167
166
139
164
163
113
117
116
115
112
162
161
160
480
489
490
491
488
487
486
493
495
492
498
499
516
519
518
463
466
462
461
460
459
517
515
500
497
415
494
416
437
417
436
413
412
414
411
410
409
408
407
431
424
423
419
418
334
332
325
324
326
327
330
329
398
403
404
406
485
484
483
401
405
402
399
328
400
482
481
159
158
157
156
155
153
106
154
109
111
110
108
107
173
174
172
42
1
39
43
48
47
44
40
32
41
46
45
51
54
55
50
49
175
177
178
179
126
127
122
118
176
114
119
123
124
132
131
130
129
188
187
186
128
182
180
181
96
95
183
184
185
189
200
210
211
212
214
213
208
102
207
209
205
206
97
103
98
94
93
99
100
80
78
101
81
82
104
105
89
88
83
87
86
85
84
79
77
75
66
74
64
63
24
23
65
62
61
60
59
68
67
76
90
91
92
73
57
72
56
71
70
69
58
53
52
33
34
35
30
22
31
25
26
27
